"","Player","Pos","Team","GP","MPG","Wt","AGE","PPG","FG.","FT.","X3P.","eFG.","APG","TPG","RPG","OREB","PER","TS.","USG.","ORtg","OBPM","VI","VORP","Ht","Cluster","Archetype"
"1","Devin Booker","SG","PHX",53,34.6,206,26.4,27.8,56,0.855,0.351,0.546,5.5,2.7,4.5,0.4,22,0.601,31.8,118.8,4.5,10.2,2.9,"77",1,"Inside Scorer"
"2","Damion Lee","SG","PHX",74,20.4,210,30.5,8.2,49.4,0.904,0.445,0.564,1.3,1.1,3.1,0.9,10.7,0.607,16.3,114.3,-1.3,6.3,0.1,"77",2,"Outside Scorer"
"3","Chris Paul","PG","PHX",59,32,175,37.9,13.9,44,0.831,0.375,0.513,8.9,1.9,4.3,0.5,17.7,0.555,19.2,121.9,2,10.1,2.5,"72",1,"Inside Scorer"
"4","Torrey Craig","SF","PHX",79,24.7,221,32.3,7.4,58.9,0.711,0.394,0.556,1.5,0.9,5.4,2.6,11.6,0.566,13,116.3,-1.3,6.3,0.7,"79",3,"All-Around"
"5","Terrence Ross","SG","PHX",21,18.4,206,32.2,9,45.6,0.857,0.347,0.53,2,0.3,3.3,1.8,14.2,0.546,19.7,120.3,0.3,8.5,0.2,"78",2,"Outside Scorer"
"6","Jock Landale","C","PHX",69,14.2,256,27.5,6.6,41.5,0.752,0.25,0.559,1,0.9,4.1,0.3,16.4,0.595,19.3,119.7,-0.8,8.5,0.2,"83",2,"Outside Scorer"
"7","Landry Shamet","SG","PHX",40,20.2,190,26.1,8.7,39.1,0.882,0.375,0.5,2.3,0.9,1.7,1.5,10.9,0.535,19,110.8,-1.1,6.4,0.1,"76",4,"Defensive Specialist"
"8","Josh Okogie","SG","PHX",72,18.8,213,24.6,7.3,57.8,0.724,0.335,0.471,1.5,0.9,3.5,1.5,13.3,0.531,17.7,113.8,-0.8,7.2,0.6,"76",3,"All-Around"
"9","Cameron Payne","PG","PHX",48,20.2,183,28.7,10.3,37.5,0.766,0.368,0.49,4.5,1.7,2.2,0.3,13.2,0.512,24.8,106,-0.5,9.3,0.2,"73",4,"Defensive Specialist"
"10","Bismack Biyombo","C","PHX",61,14.3,255,30.6,4.3,52.8,0.357,0,0.578,0.9,0.8,4.2,1.7,14.4,0.555,14,109.3,-3.4,7.1,0.2,"80",2,"Outside Scorer"
"11","Saben Lee","PG","PHX",23,15.8,183,23.8,6.3,44.2,0.737,0.379,0.44,2.8,0.9,2,0.5,13.1,0.51,19.1,112.3,-2.7,8.3,0,"74",4,"Defensive Specialist"
"12","T.J. Warren","SF","PHX",16,12.3,220,29.6,4.2,43,0.5,0.316,0.471,0.7,0.2,3.1,0.3,11.6,0.473,16,108.1,-2.5,6.8,0,"80",4,"Defensive Specialist"
"13","Deandre Ayton","C","PHX",67,30.4,250,24.7,18,48.9,0.76,0.292,0.592,1.7,1.8,10,0.6,19.9,0.617,22.9,118.8,0.9,8.9,1.5,"83",3,"All-Around"
"14","Kevin Durant","SF","PHX",8,33.7,240,34.5,26,40.5,0.833,0.537,0.656,3.5,2.5,6.4,0.5,24.3,0.697,26.8,126.5,7.1,9.9,0.7,"82",1,"Inside Scorer"
"15","Darius Bazley","PF","PHX",7,8.7,208,22.8,4,45.4,0.4,0.25,0.52,0.9,0.7,2.3,0.8,15.5,0.515,22.5,100.7,-3.4,9.3,0,"80",4,"Defensive Specialist"
"16","Caris LeVert","SG","CLE",74,30.3,205,28.6,12.1,48.4,0.722,0.392,0.517,3.9,1.6,3.8,0.9,12.4,0.546,18.7,111.6,-1,7.4,1,"78",3,"All-Around"
"17","Darius Garland","PG","CLE",69,35.5,192,23.2,21.6,46.2,0.863,0.41,0.537,7.8,2.9,2.7,0.4,18.8,0.587,26.9,117.7,3.2,8.7,2.7,"73",1,"Inside Scorer"
"18","Evan Mobley","PF","CLE",79,34.4,215,21.8,16.2,64.4,0.673,0.216,0.565,2.8,1.8,9,3.2,17.9,0.589,20.2,117.9,0,8.6,2.5,"84",3,"All-Around"
"19","Jarrett Allen","C","CLE",68,32.6,243,25,14.3,55.3,0.733,0.1,0.645,1.7,1.4,9.8,2.4,19.9,0.67,16.5,133.1,1.3,7.6,2.4,"83",3,"All-Around"
"20","Donovan Mitchell","SG","CLE",68,35.8,215,26.6,28.3,43.1,0.867,0.386,0.572,4.4,2.6,4.3,0.7,22.9,0.614,32.1,118.7,5.6,9.1,5,"73",1,"Inside Scorer"
"21","Cedi Osman","SF","CLE",77,20.1,230,28,8.7,45.2,0.694,0.372,0.561,1.5,0.7,2.3,0.3,12,0.58,18.2,115.5,-0.8,6.2,0.5,"79",2,"Outside Scorer"
"22","Isaac Okoro","SF","CLE",76,21.7,225,22.2,6.4,49.4,0.757,0.363,0.582,1.1,0.6,2.5,0.7,10.7,0.614,11.9,123.7,-1.9,4.8,0.7,"77",2,"Outside Scorer"
"23","Ricky Rubio","PG","CLE",33,17.2,190,32.5,5.2,34.5,0.8,0.256,0.402,3.5,0.9,2.1,0.3,10.4,0.442,17.7,103.1,-3.8,7.8,-0.1,"74",4,"Defensive Specialist"
"24","Dean Wade","PF","CLE",44,20.3,228,26.4,4.7,41.2,0.652,0.354,0.54,0.8,0.4,3.4,0.5,8.5,0.55,10.2,113.4,-2.9,4.6,0.3,"81",2,"Outside Scorer"
"25","Lamar Stevens","PF","CLE",62,18.1,230,25.8,5.3,44.8,0.702,0.316,0.5,0.5,0.4,3.4,0.8,9.5,0.524,13.6,109.4,-3,4.6,-0.2,"78",4,"Defensive Specialist"
"26","Danny Green","SG","CLE",8,11.9,215,35.8,6.5,40.9,1,0.448,0.671,0.5,0.9,1.3,0,15.8,0.676,21.4,111.6,0.5,5.4,0.1,"78",2,"Outside Scorer"
"27","Sam Merrill","SG","CLE",5,11.7,205,26.9,5,44.9,1,0.278,0.523,1,0,1.8,0.3,15.5,0.546,17.5,121.5,-1.2,7.1,0,"76",2,"Outside Scorer"
"28","Robin Lopez","C","CLE",37,8.1,281,35,3,51.8,0.778,0.5,0.653,0.5,0.7,1.4,0.2,11.6,0.675,16.2,114.9,-3.4,6.3,-0.1,"84",2,"Outside Scorer"
"29","Isaiah Mobley","PF","CLE",12,7,240,23.5,2.6,42.9,1,0.375,0.482,0.3,0.1,1.7,0.3,14.1,0.521,16.3,114.9,-2.5,6.3,0,"82",4,"Defensive Specialist"
"30","Raul Neto","PG","CLE",48,10.5,180,30.9,3.3,64,0.912,0.286,0.573,1.6,0.5,1,0.6,12.6,0.628,13.1,127.4,-1.7,6.6,0.2,"73",2,"Outside Scorer"
"31","Jayson Tatum","PF","BOS",74,36.9,210,25.1,30.1,46.6,0.854,0.35,0.543,4.6,2.9,8.8,1.1,23.7,0.607,32.7,118.6,4.8,11.6,5.1,"80",1,"Inside Scorer"
"32","Jaylen Brown","SF","BOS",67,35.9,223,26.5,26.6,49.1,0.765,0.335,0.55,3.5,2.9,6.9,1.2,19.1,0.581,31.5,109.8,1.5,9.6,2,"78",1,"Inside Scorer"
"33","Al Horford","C","BOS",63,30.5,240,36.9,9.8,47.6,0.714,0.446,0.627,3,0.6,6.2,1.2,13.8,0.631,11.9,133.4,1.6,7.4,2.5,"81",3,"All-Around"
"34","Sam Hauser","PF","BOS",80,16.1,215,25.3,6.4,74.7,0.706,0.418,0.631,0.9,0.4,2.6,3,12.7,0.634,14.7,123.9,0.6,6.1,1,"80",3,"All-Around"
"35","Marcus Smart","PG","BOS",61,32.1,220,29.1,11.5,41.5,0.746,0.336,0.511,6.3,2.3,3.1,0.8,12.1,0.538,17.8,110.7,-1.8,7.6,0.5,"75",3,"All-Around"
"36","Derrick White","SG","BOS",82,28.3,190,28.8,12.4,46.2,0.875,0.381,0.56,3.9,1.2,3.6,0.6,15.4,0.604,17.7,124.5,1.1,7.9,2.6,"76",3,"All-Around"
"37","Malcolm Brogdon","PG","BOS",67,26,229,30.3,14.9,48.4,0.87,0.444,0.574,3.7,1.5,4.2,0.6,18.2,0.615,22.8,122.1,2.3,9.4,2.1,"77",3,"All-Around"
"38","Payton Pritchard","PG","BOS",48,13.4,195,25.2,5.6,45.4,0.75,0.364,0.527,1.3,0.8,1.8,1.1,10.3,0.536,19.9,104.9,-2.1,7,-0.2,"73",4,"Defensive Specialist"
"39","Grant Williams","PF","BOS",79,25.9,236,24.4,8.1,48.5,0.77,0.395,0.575,1.7,1,4.6,1.1,10.3,0.605,13.1,118.5,-1.8,6.2,0.5,"78",3,"All-Around"
"40","Blake Griffin","C","BOS",41,13.9,250,34.1,4.1,44.9,0.656,0.348,0.573,1.5,0.5,3.8,0.6,13.1,0.59,12.8,128,-1.4,8.2,0.3,"81",2,"Outside Scorer"
"41","Mike Muscala","C","BOS",20,16.2,240,31.8,5.9,45.5,0.692,0.385,0.612,0.6,0.5,3.4,0.4,11.6,0.623,14,121.7,-1.5,5.7,0.1,"82",2,"Outside Scorer"
"42","Robert Williams III","C","BOS",35,23.5,237,25.5,8,66.5,0.61,0,0.747,1.4,1,8.3,1.2,19.8,0.742,11.8,145.5,1,7.7,1.1,"81",3,"All-Around"
"43","Luke Kornet","C","BOS",69,11.7,250,27.7,3.8,41.2,0.821,0.231,0.674,0.8,0.4,2.9,0.5,16.7,0.697,11.5,144.8,-0.4,7.1,0.6,"86",2,"Outside Scorer"
"44","Mfiondu Kabengele","PF","BOS",4,9.1,250,25.7,1.5,28.6,1,0,0.286,0,0.3,2.5,1.3,8.1,0.381,10.7,105,-6.6,0,-0.1,"81",4,"Defensive Specialist"
"45","Justin Champagnie","SF","BOS",2,11.7,200,21.8,2.5,33.3,0,0.2,0.208,1.5,0,2,0.6,1.5,0.208,22.4,73,-10.5,6.7,-0.1,"78",4,"Defensive Specialist"
"46","Domantas Sabonis","C","SAC",79,34.6,240,26.9,19.1,61.4,0.742,0.373,0.632,7.3,2.9,12.3,3.2,23.5,0.668,21.3,132.5,4.1,13.8,5.4,"83",1,"Inside Scorer"
"47","Keegan Murray","SF","SAC",80,29.8,215,22.6,12.2,51.3,0.765,0.411,0.584,1.2,0.8,4.6,0.5,12.3,0.597,15.8,118.8,0.4,5.5,0.8,"80",3,"All-Around"
"48","Harrison Barnes","PF","SAC",82,32.5,225,30.9,15,48.5,0.847,0.374,0.556,1.6,1,4.5,0.6,14.1,0.632,17.1,126.8,0.5,5.9,0.7,"80",3,"All-Around"
"49","Kevin Huerter","SG","SAC",75,29.4,190,24.6,15.2,47.2,0.725,0.402,0.603,2.9,1.3,3.3,1.1,15.2,0.617,19.9,119.5,1.4,7.2,1.7,"79",3,"All-Around"
"50","De'Aaron Fox","PG","SAC",73,33.4,185,25.3,25,45.3,0.78,0.325,0.557,6.1,2.5,4.2,1.1,21.8,0.599,30,119.2,3.4,10.3,2.7,"75",1,"Inside Scorer"
"51","Malik Monk","SG","SAC",77,22.3,200,25.2,13.5,44.8,0.889,0.359,0.538,3.9,1.9,2.6,0.4,16.6,0.587,25.8,113.9,1.6,9.2,1,"75",3,"All-Around"
"52","Terence Davis","SG","SAC",64,13.1,201,25.9,6.7,45.9,0.791,0.366,0.545,1,0.8,2.2,0.9,12.9,0.563,22.2,105.8,-1.3,7.5,0.1,"76",4,"Defensive Specialist"
"53","Davion Mitchell","PG","SAC",80,18.1,205,24.6,5.6,42.3,0.806,0.32,0.533,2.3,0.8,1.3,0.3,9.4,0.545,14.1,111.3,-2.4,5.7,-0.3,"74",4,"Defensive Specialist"
"54","Trey Lyles","PF","SAC",74,16.9,234,27.4,7.6,45.4,0.815,0.363,0.565,0.9,0.9,4.1,0.2,14.2,0.607,18.1,117.3,0,7.2,0.3,"81",2,"Outside Scorer"
"55","Chimezie Metu","C","SAC",66,10.4,225,26.1,4.9,58.6,0.74,0.237,0.61,0.6,0.5,3,0.7,17.3,0.639,17.6,124.6,-0.3,7.9,0.3,"81",2,"Outside Scorer"
"56","Richaun Holmes","C","SAC",42,8.3,235,29.5,3.1,61.8,0.789,0.625,0.646,0.2,0.3,1.9,0.7,12.9,0.668,13.7,128,-2,5.1,-0.1,"82",2,"Outside Scorer"
"57","Kessler Edwards","SF","SAC",22,13.9,215,22.7,4,38.7,0.8,0.349,0.55,1,0.4,2.1,0.7,10,0.581,12,123.1,-2.3,5.8,0,"80",2,"Outside Scorer"
"58","Neemias Queta","C","SAC",5,5.7,245,23.7,2.4,66.7,0,0,0.667,0.2,0.2,2.2,1,17,0.607,16.3,128.8,-2.6,7.1,0,"84",2,"Outside Scorer"
"59","Alex Len","C","SAC",26,6.2,250,29.8,1.7,53.3,0.688,0,0.533,0.5,0.6,2.3,0.9,12.8,0.58,14.1,111,-4.9,8.1,-0.1,"84",2,"Outside Scorer"
"60","Matthew Dellavedova","PG","SAC",32,6.7,200,32.6,1.5,34,0.571,0.333,0.43,1.3,0.3,0.4,0,6.7,0.443,12.7,104.4,-4.4,5.5,-0.2,"75",4,"Defensive Specialist"
"61","Michael Porter Jr.","SF","DEN",62,29,218,24.8,17.4,63.2,0.8,0.414,0.602,1,1.1,5.5,2.4,16.8,0.621,22.7,118.3,2,6.3,1,"82",3,"All-Around"
"62","Kentavious Caldwell-Pope","SG","DEN",76,31.3,204,30.1,10.8,45.4,0.824,0.423,0.569,2.4,1.1,2.8,0.7,11.5,0.598,14.1,116.7,-1.6,5.3,0.6,"77",3,"All-Around"
"63","Aaron Gordon","PF","DEN",68,30.3,235,27.6,16.3,56.4,0.609,0.347,0.603,3,1.4,6.6,2.4,19.5,0.617,21.1,124.9,2.4,9.1,2.1,"80",3,"All-Around"
"64","Nikola Jokic","C","DEN",69,33.7,284,28.1,24.5,48.7,0.822,0.383,0.66,9.8,3.6,11.8,1,31.5,0.701,27.2,134.7,8.5,16.8,8.8,"83",1,"Inside Scorer"
"65","Bruce Brown","SG","DEN",80,28.5,202,26.7,11.5,48.3,0.758,0.358,0.545,3.4,1.5,4.1,0.8,13.3,0.571,17.8,113.2,-1.1,7.6,0.8,"76",3,"All-Around"
"66","Jamal Murray","PG","DEN",65,32.8,215,26.1,20,46.2,0.833,0.398,0.537,6.2,2.2,4,0.5,18,0.571,26.1,116.1,2.6,9.7,1.8,"75",1,"Inside Scorer"
"67","Reggie Jackson","PG","DEN",16,19.9,208,33,7.9,62.3,0.833,0.279,0.457,3.1,1.2,1.8,1.5,9,0.476,20.8,100.5,-3.8,7.1,-0.3,"74",4,"Defensive Specialist"
"68","Zeke Nnaji","PF","DEN",53,13.7,240,22.2,5.2,41.1,0.645,0.262,0.605,0.3,0.6,2.6,0.4,12.5,0.62,15.2,120.8,-2.7,4.7,-0.3,"81",2,"Outside Scorer"
"69","DeAndre Jordan","C","DEN",39,15,265,34.7,5.1,76.5,0.458,1,0.77,0.9,1.2,5.2,1.3,14.7,0.731,13.7,117.1,-2.4,7.7,0,"83",2,"Outside Scorer"
"70","Ish Smith","PG","DEN",43,9.3,175,34.8,2.5,48.8,0.5,0.167,0.405,2.3,1,1.3,0.7,6.5,0.407,19.3,88.7,-5.5,8.4,-0.5,"72",4,"Defensive Specialist"
"71","Vlatko Cancar","PF","DEN",60,14.8,236,26,5,47.6,0.907,0.374,0.57,1.3,0.6,2.1,0.4,11,0.606,13.8,118.9,-1.7,6.5,0,"80",2,"Outside Scorer"
"72","Thomas Bryant","C","DEN",18,11.3,248,25.7,4.6,56.1,0.722,0.444,0.515,0.1,0.6,3.3,1.3,11.8,0.547,18.3,108.6,-4.4,4.1,-0.2,"82",2,"Outside Scorer"
"73","Jeff Green","PF","DEN",56,19.5,235,36.6,7.8,49.5,0.744,0.288,0.534,1.2,0.8,2.6,0.6,11,0.576,17,114.1,-2.4,5.9,-0.4,"80",2,"Outside Scorer"
"74","Christian Braun","SG","DEN",76,15.5,218,22,4.7,39.7,0.625,0.354,0.554,0.8,0.5,2.4,0.1,10.3,0.568,13,114.7,-2.5,5.4,-0.1,"79",2,"Outside Scorer"
"75","Peyton Watson","SG","DEN",23,8.1,200,20.6,3.3,49.2,0.55,0.429,0.542,0.5,0.3,1.6,0.3,12.8,0.553,17.7,109.5,-2.7,6.8,0,"80",4,"Defensive Specialist"
"76","Giannis Antetokounmpo","PF","MIL",63,32.1,242,28.3,31.1,55.2,0.645,0.275,0.571,5.7,3.9,11.8,2.2,29,0.605,38.8,116.8,5.8,15.9,5.4,"84",1,"Inside Scorer"
"77","Jrue Holiday","PG","MIL",67,32.6,205,32.8,19.3,47.8,0.859,0.384,0.556,7.4,2.9,5.1,1.1,19.2,0.586,25,117.7,3,11,2.8,"75",1,"Inside Scorer"
"78","Brook Lopez","C","MIL",78,30.4,282,35,15.9,53.3,0.784,0.374,0.606,1.3,1.4,6.7,1.9,18.4,0.63,19.3,122.4,0.8,6.8,2.5,"84",3,"All-Around"
"79","Jevon Carter","PG","MIL",81,22.4,200,27.6,8,49.6,0.816,0.423,0.549,2.4,1,2.5,2.2,10.9,0.56,15.3,113.3,-1.8,6.5,0.6,"73",3,"All-Around"
"80","Grayson Allen","SG","MIL",72,27.4,198,27.5,10.4,43,0.905,0.399,0.571,2.3,1,3.3,0.9,12.3,0.612,14.6,123.5,-0.6,6.3,1,"76",3,"All-Around"
"81","Pat Connaughton","SG","MIL",61,23.7,209,30.3,7.6,44.1,0.659,0.339,0.521,1.3,0.5,4.6,0.8,10,0.531,13.8,112.4,-1.3,6,0.3,"77",2,"Outside Scorer"
"82","Khris Middleton","SF","MIL",33,24.3,222,31.7,15.1,42.5,0.902,0.315,0.499,4.9,2.2,4.2,0.4,17.4,0.551,27.4,113.2,1,11.1,0.6,"79",3,"All-Around"
"83","Wesley Matthews","SG","MIL",52,15.7,220,36.5,3.4,47.9,0.857,0.315,0.484,0.7,0.3,2.2,0.9,7,0.519,9.8,113.1,-3.5,4.4,-0.1,"76",2,"Outside Scorer"
"84","Goran Dragic","PG","MIL",7,11.8,190,36.9,5.6,43.5,1,0.412,0.486,1.7,1,1.7,0.3,11.4,0.516,22.7,103.7,-2.3,8.6,-0.1,"75",4,"Defensive Specialist"
"85","Bobby Portis","PF","MIL",70,26,250,28.2,14.1,39.5,0.768,0.37,0.555,1.5,1.2,9.6,0.8,17.8,0.575,21.7,117.3,1.2,9,1.2,"82",3,"All-Around"
"86","Lindell Wigginton","PG","MIL",7,12.4,189,25,7.1,48.6,0.889,0.333,0.568,2,1.7,1,0,11.8,0.61,25.7,103.9,-3.1,7.8,-0.1,"74",4,"Defensive Specialist"
"87","Joe Ingles","SF","MIL",46,22.7,220,35.5,6.9,42.1,0.857,0.409,0.603,3.3,1.2,2.8,0.3,10.7,0.616,12.6,119.6,-1.6,7,0.3,"80",2,"Outside Scorer"
"88","Meyers Leonard","C","MIL",9,12.6,260,31.1,4.8,48.3,0.889,0.389,0.603,0.1,0.7,3.8,1.3,12,0.652,14.4,123.2,-2.8,3.9,-0.1,"84",2,"Outside Scorer"
"89","MarJon Beauchamp","SF","MIL",52,13.5,199,22.5,5.1,39.7,0.73,0.331,0.492,0.7,0.9,2.2,0.7,8.2,0.513,18.3,99.5,-4.1,5.9,-0.5,"78",4,"Defensive Specialist"
"90","Jae Crowder","SF","MIL",18,18.9,235,32.8,6.9,36.8,0.833,0.436,0.606,1.5,0.4,3.8,0.6,14.6,0.624,13.2,132.9,0.1,7.2,0.3,"78",2,"Outside Scorer"
"91","Tyrese Maxey","SG","PHI",60,33.6,200,22.4,20.3,54.8,0.845,0.432,0.568,3.5,1.3,2.9,1.7,17,0.605,24.1,120.2,1.9,7,1.3,"37",3,"All-Around"
"92","Tobias Harris","PF","PHI",74,32.9,226,30.7,14.7,44,0.876,0.389,0.575,2.5,1.2,5.7,0.7,14.8,0.602,18.2,118.8,0.6,7.2,1.7,"40",3,"All-Around"
"93","Shake Milton","SG","PHI",76,20.6,205,26.5,8.4,61.5,0.853,0.378,0.535,3.1,1.2,2.5,2,12.7,0.575,18.5,115.3,-1,7.8,0,"38.5",3,"All-Around"
"94","Joel Embiid","C","PHI",66,34.6,280,29.1,33.1,48.1,0.857,0.33,0.573,4.2,3.4,10.2,0.4,31.4,0.655,37,124.4,6.8,13,6.4,"42",1,"Inside Scorer"
"95","James Harden","PG","PHI",58,36.8,220,33.6,21,50.1,0.867,0.384,0.536,10.7,3.4,6.1,0.9,21.6,0.607,25,123.3,5.1,12.1,4,"38.5",1,"Inside Scorer"
"96","Jalen McDaniels","SF","PHI",24,17.5,205,25.2,6.7,45,0.824,0.4,0.537,0.8,0.5,3.2,1.5,12.5,0.58,16.1,117.8,-2.5,5.9,-0.1,"40.5",2,"Outside Scorer"
"97","Danuel House Jr.","SF","PHI",56,14.4,220,29.8,4.8,42.5,0.75,0.336,0.566,0.8,0.5,1.7,0.9,9.4,0.6,13.8,115.3,-2.4,5.2,-0.2,"39",2,"Outside Scorer"
"98","Paul Reed","C","PHI",69,10.9,210,23.8,4.2,45.5,0.745,0.167,0.596,0.4,0.7,3.8,0.8,19.2,0.62,16.4,124.3,-1.6,6.8,0.4,"40.5",2,"Outside Scorer"
"99","Louis King","SG","PHI",1,28.8,202,24,20,47.9,0,0.5,0.769,2,2,4,0.5,21.3,0.744,24,125.8,3.3,7.5,0,"39.5",3,"All-Around"
"100","Montrezl Harrell","C","PHI",57,11.9,240,29.2,5.6,44.2,0.693,0,0.598,0.6,0.6,2.8,0.2,17.6,0.631,18.9,125.1,-0.9,7.1,0.1,"39.5",2,"Outside Scorer"
"101","Dewayne Dedmon","C","PHI",8,9.6,245,33.7,3.5,59.3,0.2,0.5,0.614,1.3,0.8,3.1,1.6,15.5,0.579,17.7,111.3,-3.5,10.1,0,"42",2,"Outside Scorer"
"102","Georges Niang","PF","PHI",78,19.4,230,29.8,8.2,42.7,0.867,0.401,0.596,1,0.7,2.4,1.3,10.9,0.61,17,114.1,-0.4,5.6,0.2,"39.5",2,"Outside Scorer"
"103","Mac McClung","SG","PHI",2,20.6,185,24.3,12.5,59.8,0.6,0.364,0.55,4.5,1.5,5,1.2,19.2,0.563,27.4,119.3,2.2,12.7,0,"37",3,"All-Around"
"104","P.J. Tucker","PF","PHI",75,25.6,245,37.9,3.5,51,0.826,0.393,0.549,0.8,0.6,3.9,0.9,5.7,0.566,6.5,118.7,-3.2,3.5,-0.5,"38.5",2,"Outside Scorer"
"105","De'Anthony Melton","PG","PHI",77,27.9,200,24.9,10.1,47.2,0.793,0.39,0.546,2.6,1.3,4.1,0.2,12.7,0.566,16.5,111.7,-0.7,6.8,1.6,"37",3,"All-Around"
"106","John Konchar","SG","MEM",72,20.7,210,27,5.1,46.6,0.778,0.339,0.525,1.4,0.5,4.3,1,10.8,0.542,10.4,116.8,-1.9,6.1,0.9,"77",2,"Outside Scorer"
"107","Dillon Brooks","SF","MEM",73,30.3,225,27.2,14.3,47.9,0.779,0.326,0.468,2.6,1.4,3.3,0.7,9.4,0.494,21.8,102.3,-3.4,6.6,-1.1,"79",4,"Defensive Specialist"
"108","Jaren Jackson Jr.","C","MEM",63,28.4,242,23.6,18.6,50.6,0.788,0.355,0.567,1,1.7,6.8,1.7,21.6,0.613,24.7,117.8,0.7,7.1,2.2,"83",3,"All-Around"
"109","Ja Morant","PG","MEM",61,31.9,174,23.7,26.2,59.7,0.748,0.307,0.504,8.1,3.4,5.9,5.1,23.3,0.557,34.9,114.2,5.2,13.5,3.8,"75",1,"Inside Scorer"
"110","Tyus Jones","PG","MEM",80,24.2,196,26.9,10.3,43.8,0.8,0.371,0.523,5.2,0.9,2.5,0.4,16,0.546,17.7,122.1,1.2,8.5,1.7,"72",3,"All-Around"
"111","Xavier Tillman","PF","MEM",61,19.3,245,24.2,7,65.6,0.551,0.267,0.621,1.6,0.7,5,1.6,17.3,0.621,13.7,129,0.3,7.9,1.2,"80",3,"All-Around"
"112","Brandon Clarke","PF","MEM",56,19.5,215,26.6,10,39.6,0.723,0.167,0.658,1.3,1,5.5,0.6,20,0.682,17.7,131,0.8,8.5,1.3,"80",3,"All-Around"
"113","Luke Kennard","SG","MEM",24,24.6,206,26.8,11.3,61.4,0.947,0.54,0.743,2.3,0.7,3.1,2,16,0.758,13.8,145.5,3,7,0.7,"77",3,"All-Around"
"114","David Roddy","PF","MEM",70,18,255,22,6.7,47,0.631,0.307,0.506,0.8,0.8,2.8,1.1,8.8,0.519,16.7,103,-3.2,5.5,-0.6,"78",4,"Defensive Specialist"
"115","Desmond Bane","SG","MEM",58,31.8,215,24.8,21.5,49.2,0.883,0.408,0.568,4.4,2.2,5,0.3,19.1,0.606,26.1,118.8,3.3,9.8,2.5,"77",1,"Inside Scorer"
"116","Santi Aldama","PF","MEM",77,21.8,224,22.2,9,43.1,0.75,0.353,0.56,1.3,0.8,4.8,0.9,13.9,0.591,16,120,-0.3,7,1.1,"83",3,"All-Around"
"117","Steven Adams","C","MEM",42,27,265,29.7,8.6,42.9,0.364,0,0.597,2.3,1.9,11.5,0.7,17.5,0.564,14.6,118.1,-0.3,9,0.7,"83",3,"All-Around"
"118","Jake LaRavia","PF","MEM",35,11.8,235,21.4,3,52.7,0.778,0.338,0.516,0.6,0.5,1.8,0.8,6.7,0.531,11.7,105.3,-3.9,5,-0.2,"80",4,"Defensive Specialist"
"119","Kenneth Lofton Jr.","PF","MEM",24,7.3,275,20.7,5,42.9,0.593,0.353,0.559,0.8,0.5,2.1,0.4,20.2,0.572,27.6,116.1,0.7,11.1,0.1,"79",2,"Outside Scorer"
"120","Ziaire Williams","SF","MEM",37,15.2,215,21.6,5.7,38.9,0.773,0.258,0.492,0.9,1,2.1,0.5,7.4,0.511,18,96.5,-4.7,5.8,-0.5,"80",4,"Defensive Specialist"
